0	1.000000	1.000000	0.666743	0.666742
1	0.041344	0.037667	-0.323220	0.662843
2	-0.420833	-0.416413	-0.440501	-0.319564
3	-0.355896	-0.353170	-0.124293	-0.434273
4	0.090601	0.088184	0.128321	-0.123794
5	0.070523	0.069053	0.064698	0.124035
6	0.071302	0.068827	0.007158	0.061269
7	-0.054505	-0.053095	-0.006096	0.004533
8	0.077119	0.080175	0.068276	-0.002134
9	0.016549	0.015361	0.027584	0.069642
10	0.053395	0.053845	-0.011468	0.027938
11	-0.106791	-0.106176	-0.099124	-0.011015
12	-0.016507	-0.017892	0.013979	-0.099490
13	-0.003348	-0.003973	0.027864	0.012657
14	0.082697	0.082044	0.050231	0.028488
15	-0.045466	-0.045637	-0.072366	0.048520
16	-0.022839	-0.021008	-0.006405	-0.071511
17	-0.032364	-0.031870	-0.000159	-0.005474
18	0.083611	0.082865	0.090741	0.000459
19	0.004181	0.003946	-0.049188	0.090089
20	-0.026867	-0.027104	-0.025435	-0.049505
21	-0.068568	-0.068650	-0.048357	-0.026631
22	0.053582	0.053625	0.102782	-0.047386
23	0.043348	0.043023	-0.013170	0.102691
24	0.000469	0.000936	-0.004695	-0.012848
25	-0.073371	-0.072478	-0.091042	-0.004851
26	-0.000070	-0.000120	0.074991	-0.090349
27	0.044831	0.044259	0.005859	0.074619
28	0.037203	0.036584	0.043671	0.005766
29	-0.043514	-0.043378	-0.103862	0.042618
30	-0.041986	-0.041610	0.035998	-0.103774
31	0.022061	0.022109	-0.002292	0.036392
32	0.049325	0.048850	0.080141	-0.001958
33	-0.001109	-0.000878	-0.086874	0.079908
34	-0.060324	-0.059899	0.001217	-0.087205
35	-0.009620	-0.009597	-0.023756	0.001339
36	0.046196	0.045629	0.106628	-0.023560
37	0.048619	0.048248	-0.045488	0.106813
38	-0.050449	-0.050109	-0.015784	-0.045938
39	-0.041514	-0.040858	-0.068627	-0.015392
40	-0.001510	-0.001624	0.086921	-0.068400
41	0.074472	0.074108	0.003359	0.087501
42	-0.010709	-0.010833	0.008030	0.002732
43	-0.031359	-0.030959	-0.083449	0.007984
44	-0.043754	-0.043652	0.047501	-0.083692
45	0.067157	0.066757	0.021251	0.048333
46	0.012854	0.012486	0.033670	0.020882
47	-0.007562	-0.007198	-0.084894	0.033703
48	-0.082357	-0.081918	-0.000322	-0.085449
49	0.043098	0.043013	0.023437	0.000320
50	0.030921	0.030381	0.071133	0.023222
51	0.046481	0.046362	-0.046705	0.071255
52	-0.087634	-0.087245	-0.038072	-0.047349
53	-0.000268	0.000015	-0.015969	-0.037480
54	0.000569	0.000266	0.069885	-0.015892
55	0.083279	0.082961	0.000897	0.070259
56	-0.061406	-0.061222	-0.034855	0.000037
57	-0.009293	-0.008857	-0.039199	-0.034680
58	-0.034964	-0.035037	0.048850	-0.039223
59	0.099136	0.098550	0.038384	0.049636
60	-0.030693	-0.030793	-0.020581	0.037859
61	-0.010041	-0.009773	-0.062923	-0.020603
62	-0.083014	-0.082593	0.003171	-0.063298
63	0.085380	0.084830	0.058925	0.003828
64	0.008159	0.007809	0.024587	0.058583
65	0.032627	0.032518	-0.043819	0.024613
66	-0.104168	-0.103544	-0.046454	-0.044305
67	0.038776	0.038617	0.035587	-0.045737
68	0.006577	0.006220	0.040564	0.035558
69	0.066855	0.066476	-0.003944	0.040675
70	-0.086600	-0.086116	-0.064323	-0.004739
71	0.003388	0.003628	0.008522	-0.064002
72	-0.006173	-0.006478	0.042552	0.008614
73	0.092733	0.092248	0.041658	0.043136
74	-0.051436	-0.051351	-0.065519	0.041049
75	-0.026115	-0.025593	-0.028870	-0.065403
76	-0.047341	-0.047285	0.005697	-0.029052
77	0.086613	0.086175	0.080283	0.006272
78	0.005919	0.005617	-0.025229	0.079770
79	-0.009549	-0.009222	-0.030090	-0.025294
80	-0.072669	-0.072313	-0.041876	-0.030372
81	0.046706	0.046519	0.075025	-0.041044
82	0.027225	0.026728	0.000400	0.074885
83	0.015607	0.015719	-0.009188	0.000344
84	-0.076730	-0.076298	-0.078769	-0.009928
85	0.004313	0.004471	0.059779	-0.078334
86	0.038997	0.038556	0.024835	0.059838
87	0.052967	0.052641	0.035940	0.025161
88	-0.052266	-0.051950	-0.098147	0.035342
89	-0.044501	-0.044039	0.012319	-0.097915
90	0.004681	0.004545	0.007852	0.012390
91	0.066838	0.066426	0.083427	0.008163
92	0.000895	0.000761	-0.071082	0.082758
93	-0.046294	-0.045801	-0.005240	-0.071294
94	-0.025604	-0.025425	-0.029801	-0.005201
95	0.045332	0.044932	0.096744	-0.029268
96	0.036550	0.036182	-0.042654	0.096706
97	-0.038337	-0.038044	-0.014668	-0.043161
98	-0.050829	-0.050392	-0.066964	-0.014872
99	0.012933	0.012886	0.093716	-0.066864
100	0.070839	0.070221	0.010069	0.094113
101	0.009121	0.009060	0.015166	0.009799
102	-0.048823	-0.048334	-0.104831	0.015322
103	-0.053562	-0.053251	0.036122	-0.104885
104	0.048636	0.048320	0.018837	0.036946
105	0.035766	0.035337	0.056366	0.018379
106	-0.001743	-0.001559	-0.079192	0.056307
107	-0.067799	-0.067341	0.001481	-0.079835
108	0.023456	0.023397	0.008349	0.002389
109	0.035589	0.035150	0.073702	0.008357
110	0.033703	0.033545	-0.053575	0.074053
111	-0.077026	-0.076615	-0.032773	-0.054473
112	-0.013122	-0.012814	-0.023025	-0.032325
113	0.013871	0.013530	0.082386	-0.023233
114	0.081858	0.081414	0.005153	0.082903
115	-0.043006	-0.042875	-0.028877	0.004352
116	-0.028724	-0.028246	-0.058409	-0.028493
117	-0.037174	-0.037092	0.044504	-0.058501
118	0.082530	0.082065	0.034721	0.045306
119	-0.009464	-0.009667	-0.001047	0.034023
120	-0.010381	-0.010056	-0.064240	-0.001075
121	-0.072537	-0.072193	0.005957	-0.064730
122	0.070254	0.069952	0.048627	0.006871
123	0.016109	0.015681	0.031161	0.048377
124	0.023451	0.023478	-0.052282	0.031363
125	-0.099957	-0.099378	-0.044911	-0.052958
126	0.026173	0.026086	0.026078	-0.044291
127	0.016246	0.015867	0.058150	0.025866
128	0.074932	0.074405	-0.001712	0.058386
129	-0.078576	-0.078072	-0.057586	-0.002515
130	-0.005855	-0.005708	-0.011986	-0.057071
131	-0.018823	-0.018893	0.041651	-0.011960
132	0.090988	0.090282	0.037485	0.042270
133	-0.044374	-0.044187	-0.048147	0.036690
134	-0.018145	-0.017874	-0.035128	-0.048105
135	-0.049271	-0.049029	0.014485	-0.035411
136	0.088867	0.088241	0.070245	0.015258
137	0.003516	0.003255	-0.014374	0.069873
138	-0.007248	-0.007001	-0.045728	-0.014254
139	-0.085703	-0.085237	-0.040952	-0.046172
140	0.044749	0.044579	0.064884	-0.040216
141	0.030353	0.029855	0.023245	0.064592
142	0.033489	0.033412	-0.008955	0.023289
143	-0.075573	-0.075100	-0.070007	-0.009681
144	-0.001090	-0.000937	0.034868	-0.069372
145	0.022881	0.022535	0.030283	0.034973
146	0.056877	0.056538	0.027082	0.030695
147	-0.052066	-0.051765	-0.080533	0.026252
148	-0.035543	-0.035116	0.001486	-0.080380
149	-0.000794	-0.000926	0.020489	0.001352
150	0.075301	0.074794	0.076150	0.021124
151	0.000086	0.000007	-0.057842	0.075604
152	-0.045192	-0.044777	-0.027333	-0.057735
153	-0.043987	-0.043659	-0.028602	-0.027519
154	0.046121	0.045788	0.087300	-0.027878
155	0.039908	0.039524	-0.016409	0.086870
156	-0.015297	-0.015131	-0.013224	-0.016628
157	-0.055442	-0.055011	-0.065130	-0.013754
158	0.008557	0.008502	0.074865	-0.064510
159	0.053612	0.053167	0.008547	0.074958
160	0.013038	0.012862	0.011230	0.008526
161	-0.052159	-0.051680	-0.094511	0.010627
162	-0.039713	-0.039439	0.037705	-0.094467
163	0.044019	0.043734	0.024971	0.037941
164	0.049647	0.049164	0.060047	0.025009
165	-0.009526	-0.009416	-0.082573	0.059773
166	-0.065509	-0.065015	-0.008177	-0.082730
167	0.000821	0.000910	-0.004221	-0.007615
168	0.041764	0.041272	0.081456	-0.004030
169	0.035014	0.034857	-0.043587	0.081461
170	-0.056303	-0.055962	-0.023926	-0.044244
171	-0.023327	-0.022970	-0.030553	-0.023630
172	0.018795	0.018481	0.080932	-0.030365
173	0.067915	0.067455	0.000479	0.081470
174	-0.031343	-0.031247	-0.025264	-0.000068
175	-0.043818	-0.043320	-0.068942	-0.025209
176	-0.030815	-0.030712	0.048781	-0.069054
177	0.076117	0.075688	0.039133	0.049340
178	0.013522	0.013194	0.014540	0.038661
179	-0.015940	-0.015575	-0.071146	0.014509
180	-0.070349	-0.070016	-0.002630	-0.071391
181	0.045111	0.044941	0.034597	-0.001870
182	0.026188	0.025715	0.041700	0.034491
183	0.020282	0.020349	-0.049170	0.041586
184	-0.081527	-0.081087	-0.035338	-0.049814
185	0.014710	0.014830	0.017282	-0.034891
186	0.024897	0.024428	0.064704	0.017406
187	0.066531	0.066241	-0.006958	0.064986
188	-0.070914	-0.070631	-0.056938	-0.007561
189	-0.023327	-0.022903	-0.026800	-0.056692
190	-0.015918	-0.016038	0.048839	-0.026744
191	0.090493	0.089876	0.042562	0.049205
192	-0.024306	-0.024328	-0.030061	0.041943
193	-0.019340	-0.019034	-0.047456	-0.030128
194	-0.056617	-0.056318	0.009591	-0.047445
195	0.076564	0.076023	0.057202	0.010314
196	0.004522	0.004255	-0.002381	0.056964
197	-0.000911	-0.000821	-0.047816	-0.002589
198	-0.083698	-0.083154	-0.033123	-0.048277
199	0.045483	0.045210	0.057888	-0.032598
200	0.032422	0.031948	0.036547	0.057911
201	0.039630	0.039397	-0.017541	0.036594
202	-0.082966	-0.082478	-0.070110	-0.017987
203	-0.009303	-0.009060	0.015964	-0.069728
204	0.014535	0.014130	0.041838	0.016086
205	0.070410	0.070036	0.032103	0.041990
206	-0.042595	-0.042468	-0.063837	0.031394
207	-0.031341	-0.030868	-0.013068	-0.063802
208	-0.013179	-0.013249	0.020214	-0.012901
209	0.071379	0.070924	0.063419	0.020824
210	-0.002135	-0.002259	-0.044548	0.063085
211	-0.039247	-0.038814	-0.037431	-0.044758
212	-0.049316	-0.049055	-0.018971	-0.037651
213	0.052328	0.052015	0.082411	-0.018477
214	0.043395	0.042919	0.001144	0.082275
215	-0.006508	-0.006321	-0.024164	0.001009
216	-0.066833	-0.066368	-0.067329	-0.024479
217	-0.000960	-0.000914	0.054734	-0.066809
218	0.046857	0.046422	0.024044	0.054892
219	0.028273	0.028058	0.013548	0.023924
220	-0.046677	-0.046330	-0.079453	0.012931
221	-0.034917	-0.034573	0.023602	-0.079356
222	0.031524	0.031230	0.026947	0.023915
223	0.052418	0.052002	0.053025	0.027209
224	-0.014363	-0.014285	-0.077140	0.052626
225	-0.062902	-0.062403	-0.017340	-0.077424
226	-0.008089	-0.007994	0.000008	-0.017209
227	0.051912	0.051440	0.086676	0.000157
228	0.039944	0.039664	-0.031093	0.086562
229	-0.045013	-0.044650	-0.028798	-0.031578
230	-0.040776	-0.040393	-0.043763	-0.028543
231	0.013484	0.013322	0.073734	-0.043477
232	0.059692	0.059194	0.005293	0.074145
233	-0.014103	-0.014056	-0.013655	0.004656
234	-0.044068	-0.043583	-0.067901	-0.013694
235	-0.024677	-0.024551	0.046942	-0.067997
236	0.065631	0.065166	0.037054	0.047760
237	0.022822	0.022507	0.016468	0.036755
238	-0.026884	-0.026556	-0.077978	0.016557
239	-0.068207	-0.067723	-0.007466	-0.078392
240	0.031188	0.030998	0.033089	-0.006774
241	0.043411	0.042936	0.057092	0.032849
242	0.024071	0.024006	-0.042882	0.057136
243	-0.069839	-0.069389	-0.037878	-0.043549
244	-0.005848	-0.005675	0.001635	-0.037247
245	0.024094	0.023724	0.062093	0.001773
246	0.056992	0.056655	-0.004320	0.062461
247	-0.052849	-0.052554	-0.047366	-0.005154
248	-0.031200	-0.030811	-0.030546	-0.047225
249	-0.005809	-0.005876	0.053780	-0.030602
250	0.082502	0.081944	0.041405	0.054381
251	-0.011410	-0.011475	-0.025206	0.040918
252	-0.033245	-0.032813	-0.060995	-0.025117
253	-0.058624	-0.058343	0.004915	-0.061164
254	0.063721	0.063319	0.056063	0.005604
255	0.023165	0.022811	0.016386	0.055657
256	0.003795	0.003863	-0.045867	0.016226
257	-0.076054	-0.075545	-0.033050	-0.046349
258	0.029337	0.029162	0.040714	-0.032322
259	0.029574	0.029190	0.040884	0.040837
260	0.038211	0.037869	-0.020674	0.041024
261	-0.078047	-0.077501	-0.062420	-0.021390
262	-0.011007	-0.010889	0.008936	-0.062173
263	0.016724	0.016496	0.053037	0.008954
264	0.077339	0.076678	0.032068	0.053384
265	-0.038440	-0.038182	-0.057562	0.031512
266	-0.038415	-0.038043	-0.033431	-0.057395
267	-0.027354	-0.027274	0.019744	-0.033371
268	0.071424	0.070854	0.060520	0.020313
269	0.006574	0.006360	-0.023343	0.059965
270	-0.026111	-0.025730	-0.040629	-0.023541
271	-0.053349	-0.053032	-0.016945	-0.040902
272	0.047359	0.047045	0.068175	-0.016213
273	0.038305	0.037840	0.009606	0.068132
274	-0.003305	-0.003216	-0.033205	0.009600
275	-0.071433	-0.070895	-0.061310	-0.033729
276	-0.001121	-0.001049	0.044879	-0.060895
277	0.047646	0.047172	0.042071	0.044866
278	0.042876	0.042563	0.013324	0.042154
279	-0.047012	-0.046676	-0.074255	0.012717
280	-0.041133	-0.040748	0.001468	-0.073891
281	0.015422	0.015227	0.028360	0.001656
282	0.055868	0.055409	0.050605	0.028721
283	-0.007666	-0.007610	-0.057726	0.049967
284	-0.052020	-0.051608	-0.024437	-0.057889
285	-0.014618	-0.014475	0.004823	-0.024457
286	0.053838	0.053368	0.077437	0.005403
287	0.035213	0.034928	-0.023499	0.077234
288	-0.040958	-0.040625	-0.039059	-0.023656
289	-0.052766	-0.052325	-0.045376	-0.039315
290	0.014550	0.014371	0.070873	-0.045008
291	0.062519	0.062054	0.021244	0.070823
292	0.003440	0.003315	-0.008439	0.020917
293	-0.047752	-0.047245	-0.070976	-0.008802
294	-0.030073	-0.029882	0.032201	-0.070755
295	0.048878	0.048510	0.033305	0.032681
296	0.031264	0.030892	0.023220	0.033244
297	-0.025610	-0.025331	-0.072714	0.022831
298	-0.058880	-0.058450	-0.006171	-0.072983
299	0.023633	0.023552	0.031206	-0.005733
300	0.051185	0.050630	0.061504	0.031378
301	0.020646	0.020617	-0.043785	0.061564
302	-0.067247	-0.066825	-0.045249	-0.044164
303	-0.023566	-0.023259	-0.008113	-0.044877
304	0.028594	0.028218	0.067799	-0.007951
305	0.059477	0.059085	0.007022	0.067929
306	-0.032889	-0.032714	-0.038181	0.006405
307	-0.039149	-0.038677	-0.039981	-0.038130
308	-0.009158	-0.009228	0.045472	-0.039728
309	0.068283	0.067845	0.037698	0.046043
310	-0.001473	-0.001636	-0.019237	0.037360
311	-0.037677	-0.037201	-0.061148	-0.019477
312	-0.050449	-0.050198	0.006468	-0.061308
313	0.056043	0.055704	0.057332	0.006908
314	0.038180	0.037727	0.025805	0.057268
315	-0.001135	-0.000976	-0.051093	0.025655
316	-0.075862	-0.075382	-0.041560	-0.051317
317	0.009444	0.009503	0.029367	-0.041084
318	0.035524	0.035028	0.050126	0.029538
319	0.042586	0.042359	-0.010383	0.049960
320	-0.060489	-0.060143	-0.054935	-0.010970
321	-0.020156	-0.019835	-0.001450	-0.054808
322	0.014860	0.014608	0.050383	-0.001094
323	0.068290	0.067736	0.027521	0.050741
324	-0.032334	-0.032231	-0.051994	0.027131
325	-0.043127	-0.042703	-0.040780	-0.052205
326	-0.027277	-0.027141	0.024438	-0.040728
327	0.073929	0.073348	0.064397	0.024801
328	0.018252	0.017964	-0.010954	0.064165
329	-0.024742	-0.024503	-0.049777	-0.011181
330	-0.062734	-0.062314	-0.025217	-0.049777
331	0.034391	0.034126	0.055878	-0.024709
332	0.039717	0.039257	0.023253	0.055930
333	0.007795	0.007800	-0.028794	0.022922
334	-0.064833	-0.064415	-0.053236	-0.029232
335	-0.003039	-0.002908	0.034138	-0.052967
336	0.043119	0.042586	0.046057	0.034484
337	0.043358	0.043096	0.007792	0.046157
338	-0.048053	-0.047794	-0.071496	0.007381
339	-0.047415	-0.046951	-0.011624	-0.071542
340	0.012164	0.011973	0.037816	-0.011388
341	0.064115	0.063626	0.054674	0.038018
342	0.003694	0.003627	-0.041899	0.054290
343	-0.049838	-0.049348	-0.038623	-0.042156
344	-0.027905	-0.027720	-0.000989	-0.038384
345	0.045004	0.044648	0.065900	-0.000493
346	0.036293	0.035922	-0.009111	0.065817
347	-0.031408	-0.031129	-0.039793	-0.009563
348	-0.050492	-0.050080	-0.037450	-0.040030
349	0.014311	-0.066830	0.061584	-0.037136
350	0.061619	0.061108	0.031556	0.061851
351	0.008004	0.007927	-0.016320	0.031401
352	-0.054727	-0.054282	-0.072015	-0.016607
353	-0.036883	-0.036583	0.018227	-0.071915
354	0.043477	0.043123	0.043371	0.018538
355	0.044669	0.044271	0.031639	0.043214
356	-0.016375	-0.016207	-0.061651	0.031203
357	-0.057216	-0.056776	-0.018359	-0.061924
358	0.009202	0.009183	0.024436	-0.017880
359	0.047948	0.047460	0.056670	0.024642
360	0.019486	0.019348	-0.036076	0.056582
361	-0.058439	-0.058000	-0.044978	-0.036707
362	-0.028312	-0.028023	-0.007514	-0.044816
363	0.034043	0.033698	0.070491	-0.007362
364	0.060677	0.060224	0.013425	0.070840
365	-0.025451	-0.025287	-0.041189	0.012942
366	-0.051567	-0.051063	-0.050520	-0.041030
367	-0.015917	-0.015878	0.036776	-0.050430
368	0.062159	0.061691	0.045584	0.037375
369	0.016477	0.016279	-0.006839	0.045114
370	-0.033911	-0.033560	-0.056960	-0.006995
371	-0.046936	-0.046582	-0.001097	-0.057190
372	0.041039	0.040730	0.050284	-0.000360
373	0.041029	0.040609	0.026142	0.050293
374	-0.005191	-0.005097	-0.049486	0.026102
375	-0.070189	-0.069685	-0.043902	-0.050010
376	0.000793	0.000875	0.029819	-0.043507
377	0.046509	0.046054	0.057826	0.029884
378	0.044573	0.044272	-0.003628	0.057915
379	-0.051060	-0.050708	-0.058851	-0.004154
380	-0.038119	-0.037757	-0.015966	-0.058592
381	0.010383	0.010230	0.046155	-0.015703
382	0.063171	0.062685	0.034270	0.046492
383	-0.014434	-0.014401	-0.039892	0.033680
384	-0.042738	-0.042339	-0.040919	-0.040094
385	-0.024431	-0.024293	0.020238	-0.040891
386	0.062684	0.062226	0.060205	0.020854
387	0.024168	0.023927	-0.007883	0.060038
388	-0.030603	-0.030384	-0.055156	-0.008064
389	-0.062912	-0.062472	-0.027453	-0.055374
390	0.027616	0.027329	0.054870	-0.026991
391	0.050438	0.050005	0.037457	0.054835
392	0.016478	0.016308	-0.024782	0.037293
393	-0.062505	-0.061980	-0.057439	-0.025181
394	-0.017209	-0.017103	0.018029	-0.057028
395	0.035546	0.035192	0.046232	0.018314
396	0.044920	0.044467	0.011861	0.046324
397	-0.037183	-0.036901	-0.060030	0.011250
398	-0.045617	-0.045253	-0.016847	-0.060091
399	0.010776	0.010643	0.040563	-0.016666
400	0.063566	0.063017	0.051769	0.040996
401	0.006291	0.006162	-0.037621	0.051470
402	-0.054514	-0.054050	-0.050451	-0.037776
403	-0.035807	-0.035552	-0.003097	-0.050468
404	0.042251	0.041831	0.065932	-0.002643
405	0.048324	0.047905	0.009490	0.065750
406	-0.021216	-0.021040	-0.040271	0.009173
407	-0.052042	-0.051536	-0.040144	-0.040500
408	0.002210	0.002123	0.044681	-0.039638
409	0.054976	0.054511	0.036463	0.044916
410	0.012067	0.011911	-0.015906	0.036355
411	-0.049695	-0.049246	-0.063715	-0.016446
412	-0.036695	-0.036426	0.011629	-0.063612
413	0.043682	0.043395	0.051734	0.011910
414	0.049476	0.049006	0.030242	0.051882
415	-0.014386	-0.014206	-0.057824	0.029868
416	-0.064082	-0.063646	-0.035456	-0.057874
417	-0.002828	-0.002735	0.023602	-0.035251
418	0.049715	0.049229	0.058770	0.023905
419	0.030051	0.029854	-0.018434	0.058404
420	-0.047376	-0.047044	-0.046140	-0.018854
421	-0.033515	-0.033142	-0.011951	-0.046156
422	0.026073	0.025782	0.059524	-0.011493
423	0.055903	0.055505	0.017783	0.059647
424	-0.020693	-0.020649	-0.042041	0.017421
425	-0.053645	-0.053109	-0.049049	-0.042388
426	-0.014932	-0.014866	0.034586	-0.048971
427	0.062683	0.062228	0.054580	0.034885
428	0.028230	0.027905	-0.001804	0.054402
429	-0.035618	-0.035222	-0.060868	-0.002046
430	-0.054596	-0.054217	-0.015459	-0.060826
431	0.026999	0.026838	0.046933	-0.014892
432	0.046750	0.046236	0.033288	0.047014
433	0.003178	0.003260	-0.036718	0.032990
434	-0.059746	-0.059312	-0.045198	-0.037102
435	-0.007817	-0.007647	0.025081	-0.044852
436	0.045737	0.045239	0.053781	0.025465
437	0.039790	0.039511	-0.001629	0.053867
438	-0.046441	-0.046110	-0.061919	-0.002000
439	-0.046940	-0.046476	-0.019556	-0.061978
440	0.012652	0.012438	0.047469	-0.019282
441	0.065969	0.065506	0.046106	0.047659
442	0.001023	0.000937	-0.034748	0.045771
443	-0.048580	-0.048092	-0.047664	-0.035003
444	-0.031057	-0.030870	0.007068	-0.047396
445	0.047849	0.047490	0.057531	0.007504
446	0.033718	0.033365	0.001026	0.057486
447	-0.026433	-0.026166	-0.048497	0.000531
448	-0.054978	-0.054581	-0.028073	-0.048675
449	0.019621	0.019516	0.051874	-0.027741
450	0.054708	0.054189	0.039292	0.052178
451	0.013437	0.013351	-0.025279	0.039100
452	-0.061063	-0.060625	-0.063343	-0.025539
453	-0.030190	-0.029948	0.010485	-0.063223
454	0.038524	0.038156	0.053126	0.010852
455	0.051634	0.051146	0.022459	0.053006
456	-0.023469	-0.023293	-0.053226	0.022079
457	-0.050900	-0.050503	-0.027899	-0.053416
458	0.001089	0.001050	0.031846	-0.027437
459	0.055344	0.054837	0.049432	0.032172
460	0.012970	0.012792	-0.028787	0.049280
461	-0.051010	-0.050624	-0.050105	-0.029276
462	-0.033672	-0.033394	-0.001472	-0.050067
463	0.039815	0.039437	0.064332	-0.001168
464	0.054254	0.053743	0.017430	0.064505
465	-0.020425	-0.020280	-0.046090	0.017063
466	-0.058044	-0.057593	-0.047020	-0.046168
467	-0.009103	-0.009051	0.035441	-0.046764
468	0.057155	0.056585	0.047567	0.035771
469	0.022955	0.022775	-0.006790	0.047257
470	-0.039419	-0.039071	-0.057760	-0.007178
471	-0.042735	-0.042421	-0.001511	-0.057797
472	0.035229	0.034912	0.048930	-0.000954
473	0.045913	0.045499	0.027151	0.049060
474	-0.010459	-0.010355	-0.050312	0.026899
475	-0.063322	-0.062822	-0.040731	-0.050704
476	-0.004550	-0.004510	0.027390	-0.040484
477	0.052780	0.052341	0.061120	0.027592
478	0.037890	0.037606	-0.008730	0.061090
479	-0.046542	-0.046184	-0.055484	-0.009157
480	-0.043912	-0.043541	-0.020075	-0.055330
481	0.016179	0.015982	0.050865	-0.019751
482	0.058306	0.057854	0.031141	0.051087
483	-0.007573	-0.007499	-0.035026	0.030614
484	-0.048950	-0.048534	-0.045934	-0.035323
485	-0.018467	-0.018330	0.024836	-0.045833
486	0.055449	0.055002	0.053774	0.025336
487	0.029358	0.029088	-0.002441	0.053620
488	-0.035982	-0.035674	-0.060233	-0.002705
489	-0.057038	-0.056609	-0.021359	-0.060511
490	0.023517	0.023366	0.051113	-0.021000
491	0.055724	0.055242	0.041991	0.051032
492	0.010795	0.010736	-0.030169	0.041831
493	-0.058569	-0.058086	-0.053747	-0.030589
494	-0.022345	-0.022154	0.012975	-0.053335
495	0.039216	0.038849	0.051643	0.013259
496	0.042690	0.042322	0.008116	0.051769
497	-0.034535	-0.034271	-0.055280	0.007528
498	-0.046204	-0.045753	-0.020336	-0.055262
499	0.010977	0.010866	0.043066	-0.020096
500	0.062183	0.061675	0.047749	0.043581
501	0.005411	0.005345	-0.035003	0.047495
502	-0.054213	-0.053740	-0.053495	-0.035148
503	-0.035885	-0.035589	0.001595	-0.053487
504	0.044763	0.044360	0.062912	0.002034
505	0.046346	0.045955	0.013182	0.062750
506	-0.018609	-0.018406	-0.044386	0.012885
507	-0.056288	-0.055842	-0.038011	-0.044565
508	0.005041	0.004991	0.041520	-0.037483
509	0.051470	0.051022	0.039540	0.041782
510	0.015904	0.015771	-0.018247	0.039386
511	-0.052262	-0.051818	-0.059533	-0.018774
